calibration_time:
  successful_images: 7
  total_images: 7
camera_matrix:
- - 668.3330723083404
  - 0.0
  - 849.0302322515025
- - 0.0
  - 676.1008294864718
  - 664.0559711675247
- - 0.0
  - 0.0
  - 1.0
distortion_coefficients:
- - 0.0068299334279332425
  - -0.04027499093672612
  - 0.003637406737150977
  - 0.000947327776105887
  - 0.02254074726345378
image_height: 1279
image_width: 1706
reprojection_error: 0.05675279178523159
